140.0
1899.0
1
237.0
1900.0
1
331.0
1901.0
1
423.0
1808.0
2
329.0
1808.0
2
424.0
1713.0
2
329.0
1712.0
2
422.0
1502.0
1
328.0
1503.0
1
233.0
1504.0
1
141.0
1504.0
2
140.0
1281.0
1
140.0
1188.0
1
141.0
1094.0
1
141.0
1002.0
1
424.0
1284.0
1
423.0
1190.0
1
423.0
1095.0
1
423.0
1000.0
1
235.0
1282.0
2
329.0
1282.0
2
330.0
1187.0
2
235.0
1187.0
2
235.0
1092.0
2
330.0
1092.0
2
328.0
998.0
2
235.0
1001.0
2
141.0
654.0
1
236.0
655.0
1
331.0
655.0
1
425.0
655.0
2
422.0
403.0
2
329.0
403.0
2
237.0
402.0
2
143.0
401.0
2
140.0
145.0
1
234.0
52.0
1
328.0
-42.0
1
423.0
-136.0
2
423.0
-230.0
1
330.0
-323.0
1
end
